1 49 
1 3
1 60
2 10
2 59
2 4
3 4
3 37
4 18
5 9
5 13
5 7
6 8
6 17
6 10
7 8
7 21
8 22
9 57
9 10
11 12
11 13
11 21
12 48
12 28
13 14
14 55
14 47
15 16
15 17
15 22
16 26
16 42
17 18
18 41
19 27
19 20
19 21
20 25
20 22
23 24
23 32
23 35
24 26
24 39
25 26
25 31
27 28
27 31
28 30
29 32
29 36
29 30
30 45
31 32
33 40
33 51
33 35
34 52
34 36
34 46
35 36
37 41
37 38
38 40
38 53
39 40
39 42
41 42
43 56
43 44
43 47
44 54
44 46
45 48
45 46
47 48
49 50
49 53
50 58
50 54
51 52
51 53
52 54
55 56
55 57
56 58
57 59
58 60
59 60
