1 67 
1 78
2 91
2 51
2 20
3 33
3 26
3 83
4 29
5 87
6 48
6 30
7 9
7 77
8 55
8 15
9 78
10 32
10 72
11 89
12 100
12 76
13 65
13 82
14 35
16 53
17 80
17 84
18 32
18 59
18 38
19 80
19 87
19 79
20 86
21 78
22 34
23 67
24 56
25 34
25 58
26 97
26 58
26 37
26 55
27 95
28 66
29 75
31 68
31 44
32 42
34 89
35 98
36 89
37 62
37 87
38 56
38 65
39 90
39 46
40 74
40 68
41 66
41 61
42 66
43 93
43 94
44 100
45 98
46 88
47 56
48 51
48 62
49 65
50 96
50 89
52 71
53 81
53 74
54 98
57 100
58 94
59 90
60 72
61 98
62 71
63 67
63 69
64 74
64 77
70 88
73 85
75 77
81 85
82 85
85 92
91 99
91 92
95 99
